aa=[99.93	99.958	99.947	100.004	100.001	99.951	99.962	99.962	100.021	100.033	100.011	99.991	100.028	100.004	99.98	100.004	100.014	100.022	99.99	99.992	100.006	100.006	99.991	100.01	99.998	99.983	99.974	100.018	100.026	100.01	100.018	99.993	100.008	100.003	100.018	100.006	100.013	100.03	100.02	100.066
79.428	82.396	82.944	81.433	78.974	77.142	75.665	75.871	76.926	77.268	77.028	77.942	78.833	79.532	79.698	79.291	78.405	78.029	78.577	79.694	79.906	79.28	78.036	76.085	73.314	70.032	66.144	61.774	57.034	52.12	47.148	42.125	37.033	31.825	26.884	22.418	18.314	14.794	11.71	9.107
3.271	1.917	1.11	0.671	0.688	4.298	28.675	60.71	76.838	83.19	85.984	87.446	88.288	88.8	89.051	89.224	89.24	89.192	89.174	89.355	89.59	89.534	89.208	88.716	88.526	88.555	88.507	88.447	88.327	88.235	88.392	88.799	89.344	89.899	90.279	90.449	90.594	90.663	90.66	90.662
63.427	70.77	74.994	77.288	76.683	73.911	69.934	63.989	56.802	47.693	36.223	22.241	9.919	3.161	0.9	0.213	0.057	0.017	0.017	0.011	0.011	0.011	0.011	0.01	0.01	0.011	0.01	0.01	0.011	0.01	0.01	0.01	0.031	0.292	1.078	2.085	2.691	2.868	2.823	2.719
76.61	80.498	82.726	84.29	85.381	86.205	86.882	87.477	88.047	88.437	88.814	89.071	89.319	89.425	89.333	89.013	88.297	86.954	84.711	81.339	76.643	70.411	62.639	53.648	43.462	33.862	24.964	17.34	11.289	6.879	3.913	2.092	1.055	0.521	0.278	0.161	0.112	0.077	0.079	0.097
0.622	0.274	0.147	0.073	0.037	0.02	0.013	0.013	0.018	0.018	0.01	0.012	0.01	0.012	0.019	0.013	0.011	0.01	0.01	0.015	0.016	0.016	0.023	0.033	0.029	0.036	0.055	0.16	1.299	8.501	30.6	59.521	77.891	85.429	88.054	88.985	89.31	89.447	89.441	89.369
59.641	64.547	68.416	71.484	74.145	76.47	78.494	80.304	81.914	83.239	84.382	85.279	85.983	86.41	86.387	85.782	84.277	81.461	76.807	70.022	61.124	50.394	38.65	27.279	17.097	9.898	5.157	2.417	1.027	0.408	0.167	0.079	0.051	0.045	0.052	0.055	0.058	0.046	0.05	0.075
1.607	0.794	0.428	0.201	0.122	0.088	0.065	0.061	0.061	0.05	0.052	0.044	0.058	0.082	0.141	0.582	7.294	33.958	65.097	81.06	87.057	89.264	90.19	90.609	90.832	90.915	90.933	90.984	90.978	90.937	90.881	90.811	90.716	90.601	90.537	90.38	90.287	90.155	89.977	89.855
63.473	70.813	75.021	77.315	76.683	73.935	69.94	64.009	56.824	47.711	36.249	22.255	9.93	3.168	0.9	0.218	0.051	0.017	0.016	0.011	0.016	0.011	0.01	0.01	0.01	0.011	0.01	0.01	0.01	0.01	0.01	0.01	0.036	0.302	1.088	2.097	2.7	2.869	2.828	2.728
27.748	18.22	2.558	0.533	0.512	1.284	2.148	3.005	3.937	4.902	6.975	9.513	14.393	23.069	36.067	53.53	69.887	82.121	90.315	93.905	93.763	88.955	79.108	66.225	52.941	42.366	32.87	24.073	16.417	10.22	5.713	3.02	1.668	1.021	0.711	0.558	0.493	0.471	0.508	0.604
72.34	76.027	78.715	80.64	82.192	83.39	84.429	85.341	86.161	86.806	87.364	87.842	88.247	88.517	88.58	88.39	87.8	86.626	84.601	81.56	77.329	71.778	64.877	56.958	47.937	39.319	31.108	23.722	17.428	12.327	8.397	5.522	3.521	2.181	1.332	0.809	0.499	0.304	0.205	0.174
1.826	0.974	0.49	0.234	0.143	0.115	0.092	0.09	0.106	0.113	0.128	0.258	2.549	23.808	58.47	74.448	78.647	79.914	80.457	80.732	80.926	80.987	81.07	81.099	81.134	81.177	81.218	81.258	81.272	81.231	81.208	81.174	81.088	81.021	80.951	80.754	80.679	80.514	80.416	80.241
1.076	0.555	0.27	0.126	0.066	0.053	0.039	0.027	0.03	0.03	0.026	0.019	0.025	0.024	0.026	0.032	0.029	0.043	0.057	0.105	0.241	1.487	13.893	49.652	78.048	86.848	89.202	89.956	90.245	90.341	90.369	90.401	90.421	90.405	90.356	90.276	90.255	90.216	90.127	90.054
41.846	54.232	63.009	68.935	73.222	76.284	78.592	80.342	81.715	82.669	83.21	83.263	82.712	81.296	78.769	75.064	69.977	63.671	56.35	48.603	40.895	33.587	26.927	21.188	16.202	12.4	9.392	7.088	5.338	4.045	3.095	2.407	1.908	1.547	1.287	1.09	0.951	0.839	0.767	0.72
36.707	47.192	54.709	59.514	61.335	60.782	58.608	54.173	48.137	40.068	29.698	17.327	7.073	1.977	0.495	0.107	0.036	0.016	0.011	0.01	0.01	0.01	0.01	0.01	0.01	0.01	0.01	0.01	0.01	0.01	0.01	0.01	0.01	0.016	0.064	0.119	0.143	0.139	0.135	0.124
1.23	0.646	0.3	0.147	0.076	0.067	0.046	0.034	0.037	0.031	0.026	0.025	0.031	0.025	0.033	0.051	0.053	0.081	0.15	1.481	13.085	44.831	73.103	85.029	88.943	90.118	90.535	90.721	90.803	90.805	90.781	90.762	90.693	90.656	90.588	90.47	90.401	90.314	90.177	90.064
];
bb=[63.427	70.77	74.994	77.288	76.683	73.911	69.934	63.989	56.802	47.693	36.223	22.241	9.919	3.161	0.9	0.213	0.057	0.017	0.017	0.011	0.011	0.011	0.011	0.01	0.01	0.011	0.01	0.01	0.011	0.01	0.01	0.01	0.031	0.292	1.078	2.085	2.691	2.868	2.823	2.719
0.622	0.274	0.147	0.073	0.037	0.02	0.013	0.013	0.018	0.018	0.01	0.012	0.01	0.012	0.019	0.013	0.011	0.01	0.01	0.015	0.016	0.016	0.023	0.033	0.029	0.036	0.055	0.16	1.299	8.501	30.6	59.521	77.891	85.429	88.054	88.985	89.31	89.447	89.441	89.369
1.607	0.794	0.428	0.201	0.122	0.088	0.065	0.061	0.061	0.05	0.052	0.044	0.058	0.082	0.141	0.582	7.294	33.958	65.097	81.06	87.057	89.264	90.19	90.609	90.832	90.915	90.01	80.984	60.978	40.937	30.881	20.811	10.716	9.601	7.537	3.38	1.287	0.155	0.977	0.0855
0.0	0.0	0.0	0.0	0.512	1.284	2.148	3.005	3.937	4.902	6.975	9.513	14.393	23.069	36.067	53.53	69.887	82.121	90.315	93.905	93.763	88.955	79.108	66.225	52.941	42.366	32.87	24.073	16.417	10.22	5.713	3.02	1.668	1.021	0.711	0.558	0.493	0.471	0.0	0.0
1.076	0.555	0.27	0.126	0.066	0.053	0.039	0.027	0.03	0.03	0.026	0.019	0.025	0.024	0.026	0.032	0.029	0.043	0.057	0.105	0.241	1.487	13.893	49.652	78.048	86.848	89.202	89.956	91.0480   90.6520   81.8930    71.4870    50.2410    15.1050    10.0430     5.0320   1.0240    0.0190    0.0300    0.0270
0	0	0	1.54	13	49.202	78.956	86.0480   89.6520   89.8930    88.4870    81.2410    15.1050    10.0430	0.026	0.032	0.029	0.043	0.057	0.105	0.10	0.01	0	0	0	0	0	0	0   0   0    0    0    0    0    0   0    0    00    0
0.0	0.0	0.0	0.0	0.112	1.084	1.148	2.005	2.937	3.202	53.53	69.887	82.121	90.315	93.905	93.763	88.955	79.108	66.225	52.941	40.763	30.955	20.108	10.225	5.941	2.366	1.87	.40	0.17	0	0	0	0	0	0	00	0	0.	0.0	0.0
];